1.14 0.23 0.58 0.50 1.84 1.64 0.14 0.33 1.63 0.07
1.95 2.00 1.13 6.00 0.98 10.00 0.47 14.00 0.88 18.00
0.98 4.00 0.09 12.00 0.09 20.00 1.82 28.00 1.59 36.00
0.73 6.00 1.48 18.00 1.64 30.00 1.52 42.00 1.54 54.00
0.83 8.00 1.89 24.00 0.40 40.00 1.56 56.00 0.97 72.00
1.02 10.00 1.63 30.00 0.16 50.00 1.01 70.00 1.04 90.00
0.16 12.00 1.42 36.00 1.96 60.00 0.63 84.00 1.56 108.00
1.84 14.00 0.34 42.00 0.73 70.00 0.77 98.00 1.57 126.00
0.33 16.00 1.69 48.00 1.27 80.00 0.68 112.00 1.44 144.00
1.36 18.00 1.44 54.00 0.60 90.00 1.18 126.00 1.14 162.00
